298
303
354
477
7
181
495
230
445
294
453
258
394
217
492
59
126
353
268
155
88
350
474
121
304
470
6
320
61
61
250
23
397
15
378
208
322
141
343
48
411
399
453
418
333
318
478
60
23
158
152
88
42
443
327
336
6
214
72
199
306
106
197
335
255
306
199
20
100
327
471
160
259
83
97
353
42
191
59
399
336
9
145
134
176
161
339
468
286
4
485
319
308
34
134
285
97
429
190
202
382
2
294
424
278
82
2
437
93
124
182
212
184
232
165
143
427
345
126
63
427
241
497
472
464
372
415
459
312
471
69
400
90
112
411
414
253
187
15
245
425
112
334
156
193
141
292
118
163
416
404
345
276
202
234
198
104
46
174
468
272
172
147
164
220
367
403
183
441
231
310
139
302
75
99
122
253
107
69
472
466
314
395
244
470
2
447
237
399
391
44
234
413
499
102
301
1
47
251
82
41
197
31
169
79
333
382
376
374
363
480
264
206
220
157
172
430
92
321
333
182
72
65
50
476
354
428
184
493
498
416
39
256
74
53
493
299
28
116
267
252
466
434
114
466
152
425
210
342
4
140
421
247
493
60
487
299
382
451
478
417
348
234
91
76
212
120
305
19
445
451
378
385
7
88
49
226
266
421
424
268
208
377
301
455
91
164
479
27
258
347
307
342
23
87
422
386
23
463
170
168
413
168
143
252
64
265
393
298
262
236
66
267
123
471
189
355
121
137
276
24
383
323
418
173
371
121
303
100
353
336
230
483
493
40
153
350
245
207
439
87
83
43
155
104
106
122
219
106
109
344
5
19
28
87
446
469
235
264
209
296
133
106
112
3
313
122
487
453
3
416
497
59
123
373
424
315
402
81
27
486
362
140
348
199
221
69
2
72
232
14
499
100
406
295
351
86
252
359
474
399
449
208
212
86
193
96
468
111
223
375
84
157
29
253
65
54
474
436
261
203
168
226
386
248
138
246
32
143
207
149
131
339
492
420
217
13
232
362
209
101
333
216
146
230
57
207
403
339
466
289
407
362
340
268
458
335
240
140
99
454
65
252
239
139
120
323
148
447
322
43
221
248
241
333
194
147
197
189
151
135
51
337
196
15
260
179
472
15
130
69
242
12
24
269
155
457
414
430
375
